ADAL	8.650000	-322.629100	-1.089988
ADAR	-12.900000	-322.629100	-1.089988
ADEL	11.000000	-326.040100	-0.886702
ADER	-15.300000	-326.040100	-0.886702
ADFL	3.725000	-353.099500	1.670831
ADFR	-8.000000	-353.099500	1.670831
ADLL	2.700000	-353.337800	-4.651209
ADLR	-6.950000	-353.337800	-4.651209
AFDL	4.500000	-354.252400	0.087638
AFDR	-8.750000	-354.252400	0.087638
AIAL	0.800000	-347.194600	5.779725
AIAR	-5.100000	-347.194600	5.779725
AIBL	2.700000	-349.688300	5.262917
AIBR	-6.900000	-349.688300	5.262917
AIML	9.250000	-334.173600	7.725632
AIMR	-13.500000	-334.173600	7.725632
AINL	-1.450000	-353.780900	4.364991
AINR	-3.067000	-353.780900	4.364991
AIYL	7.450000	-333.532000	6.812215
AIYR	-11.700000	-333.532000	6.812215
AIZL	5.600000	-342.972600	1.834815
AIZR	-9.950000	-342.972600	1.834815
ALA	-1.350000	-359.267100	-5.824844
ALML	22.675000	-123.772400	-6.873142
ALMR	-24.150000	-123.772400	-6.873142
ALNL	0.325000	365.980400	-3.428952
ALNR	-2.925000	365.980400	-3.428952
AQR	-14.800000	-327.322300	-1.910755
AS1	-0.275000	-300.900000	17.132340
AS10	-1.900000	237.941600	21.563630
AS11	-1.875000	272.253900	16.849260
AS2	-1.875000	-270.182800	19.870790
AS3	-1.900000	-209.067200	22.686220
AS4	-1.875000	-152.335400	20.475300
AS5	-1.875000	-76.998570	27.109550
AS6	-1.900000	-41.526510	25.794960
AS7	-1.900000	68.979630	24.567750
AS8	-1.900000	138.612100	23.445630
AS9	-1.875000	188.115600	24.404020
ASEL	4.125000	-348.570500	1.464420
ASER	-8.375000	-348.570500	1.464420
ASGL	3.700000	-352.190300	-2.836299
ASGR	-8.000000	-352.190300	-2.836299
ASHL	5.550000	-350.746300	1.354351
ASHR	-9.800000	-350.746300	1.354351
ASIL	2.650000	-351.252100	-4.807262
ASIR	-6.900000	-351.252100	-4.807262
ASJL	2.975000	-346.911400	3.555331
ASJR	-7.250000	-346.911400	3.555331
ASKL	3.700000	-354.995500	-2.736667
ASKR	-8.000000	-354.995500	-2.736667
AUAL	4.500000	-347.804900	3.945663
AUAR	-8.800000	-347.804900	3.945663
AVAL	-0.550000	-355.126900	6.368507
AVAR	-3.500000	-355.126900	6.368507
AVBL	0.225000	-353.453800	5.845381
AVBR	-4.581000	-353.453800	5.845381
AVDL	-0.167000	-352.186000	5.952223
AVDR	-4.033000	-352.163800	5.961448
AVEL	2.750000	-354.087400	3.095280
AVER	-8.400000	-354.087400	3.095280
AVFL	2.100000	-323.192400	13.256550
AVFR	-6.500000	-323.192400	13.256550
AVG	-2.000000	-312.038100	13.933710
AVHL	4.150000	-351.169600	-2.807556
AVHR	-8.900001	-351.169600	-2.807556
AVJL	0.200000	-352.585300	-4.972199
AVJR	-4.750000	-352.585300	-4.972199
AVKL	1.650000	-332.930900	13.633440
AVKR	-4.583000	-323.865100	13.156950
AVL	-7.500000	-346.873400	4.766396
AVM	-20.500000	-120.264700	1.468475
AWAL	3.900000	-351.654700	-0.163404
AWAR	-8.200000	-351.654700	-0.163404
AWBL	5.500000	-352.111800	-0.353340
AWBR	-9.750000	-352.111800	-0.353340
AWCL	3.800000	-352.122400	4.140880
AWCR	-8.100000	-352.122400	4.140880
BAGL	4.675000	-362.978900	1.768470
BAGR	-9.000000	-362.978900	1.768470
BDUL	15.350000	-261.918800	0.675554
BDUR	-19.650000	-261.918800	0.675554
CEPDL	1.350000	-363.981100	-7.512276
CEPDR	-5.625000	-363.981100	-7.512276
CEPVL	0.700000	-361.274000	6.538003
CEPVR	-4.950000	-361.274000	6.538003
DA1	-0.750000	-298.518000	17.318360
DA2	-1.900000	-254.316300	21.081760
DA3	-1.650000	-181.008100	22.334490
DA4	-1.700000	-104.124700	24.480220
DA5	-1.650000	25.434630	22.826970
DA6	-1.650000	156.639600	24.003160
DA7	-1.650000	241.331100	21.708430
DA8	1.275000	330.526300	9.737318
DA9	-4.600000	330.526300	9.737318
DB1	-1.900000	-303.103600	15.927450
DB2	-0.200000	-320.106100	14.857310
DB3	-1.850000	-259.814900	20.610820
DB4	-1.875000	-157.331400	20.660580
DB5	-4.050000	-33.473120	25.800600
DB6	-1.825000	134.506600	22.715480
DB7	-1.850000	227.569900	22.728590
DD1	-0.900000	-304.533000	16.705500
DD2	-1.850000	-214.662800	22.614590
DD3	-1.900000	-100.695600	24.620240
DD4	-1.875000	72.643260	24.178430
DD5	-1.875000	193.390300	24.367380
DD6	-1.900000	318.800200	12.557410
DVA	-2.345000	351.352300	0.516263
DVB	-0.750000	351.355300	0.179106
DVC	-0.116000	352.857800	-1.429818
FLPL	10.875000	-328.897600	2.151501
FLPR	-15.050000	-328.897600	2.151501
HSNL	17.450000	7.292915	4.329166
HSNR	-21.650000	7.292915	4.329166
I1L	2.900000	-387.702200	-0.094086
I1R	-7.150001	-387.702200	-0.094086
I2L	1.550000	-399.068800	0.532615
I2R	-5.800000	-399.068800	0.532615
I3	-2.050000	-385.043200	-5.850585
I4	-2.050000	-340.952900	-5.329829
I5	-2.100000	-330.109300	3.188190
I6	1.700000	-338.926900	-6.243372
IL1DL	2.825000	-370.716000	-3.907672
IL1DR	-7.062000	-370.716000	-3.907672
IL1L	3.800000	-369.225700	0.769712
IL1R	-8.075001	-369.225700	0.769712
IL1VL	2.250000	-363.974700	6.307318
IL1VR	-6.550000	-363.974700	6.307318
IL2DL	7.100000	-376.250300	-6.839593
IL2DR	-11.350000	-376.250300	-6.839593
IL2L	6.750000	-371.888100	-0.002357
IL2R	-11.000000	-371.888100	-0.002357
IL2VL	3.300000	-373.899400	7.211992
IL2VR	-7.600000	-373.899400	7.211992
LUAL	1.350000	360.090200	3.118367
LUAR	-3.850000	360.090200	3.118367
M1	-0.867000	-339.951000	-7.274591
M2L	3.700000	-339.487000	-1.111488
M2R	-8.000000	-339.487000	-1.111488
M3L	3.750000	-381.767300	3.767066
M3R	-8.050000	-381.767300	3.767066
M4	-2.033000	-377.720600	-6.919371
M5	-2.200000	-329.445700	-9.629187
MCL	3.200000	-383.419400	-0.118152
MCR	-7.250000	-383.419400	-0.118152
MI	-2.154000	-381.826900	-4.995534
NSML	2.600000	-379.514500	-0.508091
NSMR	-6.350000	-379.514500	-0.508091
OLLL	4.400000	-371.025900	-0.959221
OLLR	-8.650000	-371.025900	-0.959221
OLQDL	2.775000	-368.345000	-5.347116
OLQDR	-7.025000	-368.345000	-5.347116
OLQVL	4.200000	-364.714900	3.457248
OLQVR	-8.474999	-364.714900	3.457248
PDA	-2.950000	341.791100	7.197326
PDB	-3.300000	338.754100	8.667197
PDEL	25.750000	95.063810	2.677778
PDER	-27.350000	95.063810	2.677778
PHAL	1.200000	359.267000	2.803413
PHAR	-3.800000	359.267000	2.803413
PHBL	1.200000	362.201200	2.487489
PHBR	-3.725000	362.201200	2.487489
PHCL	0.750000	365.737300	2.072205
PHCR	-3.425000	365.737300	2.072205
PLML	2.500000	367.287800	1.845091
PLMR	-3.675000	367.287800	1.845091
PLNL	4.225000	359.672300	-0.030509
PLNR	-6.225000	359.672300	-0.030509
PQR	-0.325000	364.558800	1.131379
PVCL	0.850000	360.896700	1.934901
PVCR	-3.450000	360.896700	1.934901
PVDL	24.749000	126.290100	-1.308249
PVDR	-26.114000	126.290100	-1.308249
PVM	24.850000	140.538500	0.137159
PVNL	0.550000	367.477200	1.129361
PVNR	-3.250000	367.432400	1.107045
PVPL	-0.100000	319.994700	11.022390
PVPR	-0.150000	309.968200	10.765750
PVQL	0.850000	359.160900	1.645303
PVQR	-3.300000	359.160900	1.645303
PVR	-1.850000	364.624700	1.105580
PVT	-0.100000	311.891900	12.049640
PVWL	0.800000	362.511100	1.183793
PVWR	-3.400000	362.511100	1.183793
RIAL	4.000000	-356.544000	-0.621058
RIAR	-8.200000	-356.544000	-0.621058
RIBL	5.500000	-348.382500	3.614484
RIBR	-9.800000	-348.382500	3.614484
RICL	-0.737000	-350.941200	4.597103
RICR	-3.563000	-350.941200	4.597103
RID	-1.225000	-361.805000	-9.206300
RIFL	0.000000	-317.170900	10.406510
RIFR	-5.150000	-324.880200	8.142299
RIGL	0.000000	-310.314100	9.015897
RIGR	-4.700000	-320.136400	9.366378
RIH	-2.000000	-350.376400	6.678004
RIML	3.500000	-345.589200	1.309511
RIMR	-7.750000	-345.589200	1.309511
RIPL	3.375000	-365.625500	-1.404486
RIPR	-7.625000	-365.625500	-1.404486
RIR	-11.600000	-349.274600	5.466279
RIS	-4.825000	-344.523900	6.718059
RIVL	4.500000	-353.970700	-7.415606
RIVR	-8.750000	-353.970700	-7.415606
RMDDL	3.600000	-352.666100	5.771820
RMDDR	-7.750000	-352.666100	5.771820
RMDL	3.100000	-355.870500	3.193252
RMDR	-7.400000	-355.870500	3.193252
RMDVL	4.850000	-357.213000	0.281613
RMDVR	-9.049999	-357.213000	0.281613
RMED	-1.500000	-365.913400	-11.477040
RMEL	4.650000	-361.108000	-1.029685
RMER	-8.900001	-361.108000	-1.029685
RMEV	-2.033000	-355.638000	9.061965
RMFL	1.100000	-347.438900	7.468774
RMFR	-5.400000	-347.438900	7.468774
RMGL	8.250000	-322.558300	-2.992620
RMGR	-12.500000	-322.558300	-2.992620
RMHL	1.100000	-348.900000	6.339309
RMHR	-5.300000	-348.900000	6.339309
SAADL	-4.688000	-355.416900	2.021853
SAADR	0.531000	-355.416900	2.021853
SAAVL	3.900000	-357.297700	-0.782578
SAAVR	-8.175000	-357.297700	-0.782578
SABD	-3.200000	-311.013200	11.010470
SABVL	3.325000	-328.491100	9.460897
SABVR	-8.100000	-328.491100	9.460897
SDQL	21.400000	173.812800	-6.716793
SDQR	-14.200000	-208.110100	-17.528410
SIADL	-3.958000	-353.762800	-0.614169
SIADR	-0.383000	-355.075300	0.252764
SIAVL	5.950000	-341.717100	6.996918
SIAVR	-10.200000	-341.717100	6.996918
SIBDL	-5.267000	-355.804700	-1.770831
SIBDR	0.967000	-355.804700	-1.770831
SIBVL	-2.667000	-352.542600	8.146392
SIBVR	-2.767000	-352.542600	8.146392
SMBDL	3.100000	-346.299700	8.081900
SMBDR	-7.000000	-346.299700	8.081900
SMBVL	0.425000	-345.502600	7.782339
SMBVR	-4.600000	-345.502600	7.782339
SMDDL	3.250000	-348.590800	7.947684
SMDDR	-7.450000	-348.590800	7.947684
SMDVL	4.700000	-357.778200	-1.910490
SMDVR	-8.900001	-357.778200	-1.910490
URADL	5.000000	-372.340900	-2.837839
URADR	-9.300000	-372.340900	-2.837839
URAVL	0.325000	-364.199000	5.961356
URAVR	-4.575000	-364.199000	5.961356
URBL	5.050000	-366.528200	0.234676
URBR	-9.325000	-366.528200	0.234676
URXL	3.050000	-357.348400	-3.810877
URXR	-7.350000	-357.348400	-3.810877
URYDL	4.125000	-369.216500	-3.468794
URYDR	-8.400000	-369.216500	-3.468794
URYVL	3.400000	-366.776500	2.628210
URYVR	-7.700000	-366.776500	2.628210
VA1	-1.350000	-310.117200	14.155080
VA10	-1.850000	214.614200	24.591820
VA11	-1.550000	269.340500	17.265800
VA12	-0.100000	315.281200	13.466230
VA2	-1.850000	-286.094200	18.824910
VA3	-1.475000	-246.215700	21.834760
VA4	-1.850000	-177.518600	21.171390
VA5	-1.850000	-123.065200	22.729430
VA6	-1.850000	-50.702420	28.630910
VA7	-1.850000	42.055120	23.246410
VA8	-1.800000	104.541000	24.059120
VA9	-1.800000	167.302400	24.121070
VB1	-1.550000	-322.165100	15.227100
VB10	-1.850000	176.843500	24.097100
VB11	-1.825000	222.204700	23.388400
VB2	-2.000000	-330.062100	15.307640
VB3	-1.850000	-277.711100	19.561080
VB4	-2.000000	-233.369100	22.622740
VB5	-1.850000	-168.428400	21.295310
VB6	-1.850000	-107.786600	24.040790
VB7	-9.675000	-25.002190	23.377270
VB8	-1.825000	55.260690	24.120990
VB9	-1.850000	114.447500	22.901450
VB10	-1.850000	176.843500	24.097100
VB11	-1.825000	222.204700	23.388400
VC1	-0.725000	-229.492900	22.987270
VC2	-0.625000	-164.676400	21.375170
VC3	-1.450000	-79.875150	27.280840
VC4	-1.150000	-22.758580	24.362920
VC5	-1.150000	3.734544	24.258270
VD1	-0.700000	-300.181900	17.519110
VD2	-0.650000	-297.071900	17.753550
VD3	-0.800000	-251.134900	21.296490
VD4	-0.800000	-194.199200	22.593980
VD5	-0.750000	-134.725000	21.439050
VD6	-0.700000	-74.909040	27.795820
VD7	-12.350000	-5.144012	21.984110
VD8	-0.750000	87.203490	24.844880
VD9	-0.800000	148.837900	23.231930
VD10	-0.750000	195.552100	24.561500
VD11	-0.800000	243.404600	21.057800
VD12	-0.750000	298.357100	15.074160
VD13	-0.750000	333.472900	10.326560
